2016.01.11  三川GPRS集中器 电池 哈尔滨水务
1.设置地址
66 01 00 06 99 99 99 99 99 99 99 99 08 00 12 12 32 32 45 45 66 66 DC 67 68

66 01 00 86 12 12 32 32 45 45 66 66 01 00 00 CC 2C 16 
2.查询
66 02 00 08 12 12 32 32 45 45 66 66 00 00 F6 F5 68

66 02 00 88 12 12 32 32 45 45 66 66 08 00 12 12 32 32 45 45 66 66 A2 04 16 

3.设置时间
66 01 00 10 12 12 32 32 45 45 66 66 08 00 16 20 01 11 17 28 55 01 98 00 68 
66 01 00 90 12 12 32 32 45 45 66 66 01 00 00 05 DB 16 

4.chaxun
66 01 00 11 12 12 32 32 45 45 66 66 00 00 89 6A 68

66 01 00 91 12 12 32 32 45 45 66 66 08 00 16 20 01 11 17 29 07 01 E0 82 16 

5.上报参数设置
66 08 00 11 12 12 32 32 45 45 66 66 06 00 01 A1 FF 01 12 00 89 9B 68

66 08 00 92 12 12 32 32 45 45 66 66 01 00 00 F5 15 16 

6.
66 08 00 13 12 12 32 32 45 45 66 66 01 00 00 0A A8 68
66 08 00 93 12 12 32 32 45 45 66 66 06 00 01 A1 FF 01 12 00 49 13 16 

7.设置ip
66 08 00 14 12 12 32 32 45 45 66 66 28 00 6E 19 26 CA 8D 13 00 00 00 00 00 00 00 00 00 00 00 00 00 00 00 00 00 00 00 00 00 00 00 00 00 00 00 00 00 00 00 00 00 00 F6 FD 68

66 08 00 94 12 12 32 32 45 45 66 66 01 00 00 FD 1D 16 

8.
66 08 00 15 12 12 32 32 45 45 66 66 01 00 00 02 A0 68

66 08 00 95 12 12 32 32 45 45 66 66 28 00 6E 19 26 CA 8D 13 00 00 00 00 00 00 00 00 00 00 00 00 00 00 00 00 00 00 00 00 00 00 00 00 00 00 00 00 00 00 00 00 00 00 DC 1E 16 

9.心跳间隔设置
66 08 00 16 12 12 32 32 45 45 66 66 02 00 3C 00 35 46 68 
66 08 00 96 12 12 32 32 45 45 66 66 01 00 00 04 DA 16 

2016.01.12


//设置
66 10 00 09 44 44 23 00 00 00 00 00 2E 00 05 45 23 01 00 00 00 00 01 00 46 23 01 00 00 00 00 02 00 47 23 01 00 00 00 00 03 00 48 23 01 00 00 00 00 04 00 49 23 01 00 00 00 00 05 00 29 2F 68 

//查询
66 10 00 1E 56 34 44 00 00 00 00 00 01 00 00 9E 99 68

66 10 00 9E 56 34 44 00 00 00 00 00 2E 00 05 23 01 00 00 00 00 00 01 00 24 01 00 00 00 00 00 02 00 25 01 00 00 00 00 00 03 00 26 01 00 00 00 00 00 04 00 27 01 00 00 00 00 00 05 00 02 23 68 


